0 0.829138 0.245836 0.313986 0.443627
0 0.175772 0.245078 0.297481 0.442092
0 0.847739 0.584254 0.172951 0.193468
0 0.522967 0.26755 0.160613 0.30385
0 0.175875 0.755593 0.13275 0.315578
0 0.812383 0.881118 0.155142 0.202444
0 0.506464 0.607921 0.0341128 0.0948868
0 0.523236 0.874682 0.179509 0.216016
0 0.414379 0.604382 0.0312705 0.097715
0 0.442246 0.606238 0.0332818 0.100742
0 0.532308 0.608909 0.0332057 0.0878949
0 0.468273 0.606042 0.03942 0.0991266
24 0.420943 0.335423 0.087018 0.0810241
67 0.522534 0.868337 0.0227766 0.0212367
0 0.530501 0.604965 0.0253902 0.0774019
13 0.860257 0.649502 0.255729 0.0670224
