2 0.871713 0.93736 0.135937 0.124777
2 0.206085 0.79373 0.0807312 0.0977987
2 0.707117 0.811292 0.0977568 0.129384
2 0.620776 0.896842 0.0920991 0.129511
5 0.350201 0.677061 0.0621339 0.149566
2 0.143122 0.75627 0.0764233 0.0795364
2 0.0219153 0.842424 0.0430701 0.0914617
2 0.430439 0.971328 0.0936478 0.0573438
5 0.268797 0.631944 0.0867731 0.111449
2 0.299674 0.851146 0.089254 0.105889
2 0.44197 0.895527 0.0801277 0.119292
2 0.971332 0.940873 0.0568287 0.112955
2 0.953871 0.682934 0.0815735 0.0827986
2 0.655629 0.974338 0.0957701 0.0513245
2 0.341762 0.783683 0.0614359 0.0846232
2 0.688822 0.648599 0.0499224 0.0522288
2 0.45082 0.806873 0.0656916 0.102601
2 0.181012 0.978408 0.107016 0.0431844
7 0.429954 0.698193 0.0543063 0.115997
5 0.589219 0.604019 0.0577631 0.061262
2 0.641364 0.753775 0.0888832 0.116679
5 0.430142 0.6994 0.055066 0.119052
0 0.00718374 0.907721 0.0143675 0.0889087
7 0.79317 0.879242 0.11843 0.161536
2 0.544036 0.763729 0.0660559 0.0793983
0 0.952657 0.796935 0.0100927 0.0393007
7 0.589644 0.604032 0.0574948 0.0610653
